0,532
0,472
0,506
0,273
10,179
10,277
10,231
10,273
10,261
10,185
10,111
8,5
8,13
8,9
8,11
8,15
8,2
8,3
13,3
2,2
2,1
2,3
75,4
75,3
75,2
75,1
60,3
60,1
48,6
48,3
48,1
46,6
46,5
46,3
46,2
46,1
40,3
40,1
38,3
38,2
38,1
36,4
36,3
36,1
35,3
35,1
34,4
34,3
34,2
34,1
31,5
31,3
31,1
27,4
27,3
27,1
24,3
24,1
20,3
20,2
20,1
19,3
19,2
19,1
18,3
18,1
14,7
14,6
14,5
14,3
14,1
13,1
12,3
12,2
12,1
11,30
11,29
11,28
11,27
11,26
11,25
11,24
11,23
11,22
11,21
11,20
11,19
11,18
11,17
11,16
11,15
11,14
11,13
11,12
11,11
11,10
11,9
11,8
11,7
11,6
11,5
11,4
11,3
11,2
11,1
10,317
10,316
10,315
10,314
10,313
10,312
10,311
10,310
10,309
10,308
10,307
10,306
10,293
